1 45.195314 -0.531252 3.993748 
2 -1.496797 46.716797 31.828797 
3 27.583114 39.512520 48.478175 
4 4.075877 -39.005596 9.548599 
5 17.939934 36.668939 -25.480547 
6 29.282591 0.438725 -23.018640 
7 38.112076 -25.895382 17.198701 
8 42.530303 14.892858 -23.001482 
9 1.747589 -4.583450 9.959998 
10 26.087202 -43.780801 -10.797602 
11 16.863432 72.065701 -4.163128 
12 8.288946 -23.440296 -13.528748 
13 0.663608 79.298044 -0.922390 
14 49.360441 22.225158 -13.021980 
15 18.509680 14.181449 -16.734679 
16 1.757297 2.240316 45.147212 
17 38.683890 51.239144 23.578959 
18 35.916366 77.383797 1.283304 
19 39.814622 66.623426 18.289032 
20 6.784748 -37.691527 -3.661019 
21 38.527658 16.036646 34.129698 
22 0.334158 12.409152 32.012321 
23 33.048313 26.217628 38.276502 
24 4.698472 -21.341532 23.411630 
25 -1.157546 73.860827 12.846825 
26 25.765630 82.476152 27.684025 
27 5.525737 56.282572 46.778331 
28 19.651878 -27.835277 37.779646 
29 45.340664 32.814566 -1.884240 
30 45.748798 4.272317 26.972098 
31 3.950003 102.441786 9.830595 
32 24.261744 58.358835 -25.667020 
33 38.141617 22.440991 7.315526 
34 29.522947 42.420887 4.186642 
35 -56.565953 -4.217023 5.621275 
36 -9.753140 50.478282 31.892569 
37 -37.992758 35.786936 47.393860 
38 -8.382429 -42.022974 4.706755 
39 -27.057139 38.241555 -25.612988 
40 -37.685710 3.504535 -22.643699 
41 -40.181173 -34.309021 17.363135 
42 -53.660921 9.146240 -19.672718 
43 -9.831247 -6.696486 12.689060 
44 -31.449125 -44.292366 -11.881744 
45 -27.950906 72.213632 -4.404547 
46 -15.395837 -26.285055 -15.869493 
47 -10.464020 77.044188 -0.705384 
48 -59.782145 19.099464 -11.740499 
49 -26.390585 14.608821 -17.048825 
50 -11.001196 3.232381 47.684255 
51 -49.979057 51.349455 16.529240 
52 -47.436631 74.893828 0.651587 
53 -51.102560 68.661534 13.817947 
54 -11.691563 -39.653013 -6.853014 
55 -47.849491 10.662624 36.132320 
56 -9.134670 13.315575 32.825123 
57 -44.923323 24.888729 36.042515 
58 -11.452578 -23.310324 25.093546 
59 -10.299274 72.957586 16.710359 
60 -38.128406 75.806113 30.701348 
61 -15.566679 55.497970 47.367198 
62 -24.446278 -30.955144 36.010915 
63 -54.808397 29.024627 -2.634560 
64 -54.312952 -3.275140 25.136666 
65 -13.133051 101.725518 12.873638 
66 -35.058032 56.391068 -27.841073 
67 -47.031575 16.831576 6.810524 
68 -39.230155 41.531743 3.128570 
69 17.216285 -12.165878 -45.230608 
70 6.295549 22.135690 5.313970 
71 6.602800 47.437199 13.762236 
72 19.044818 42.450833 3.608025 
73 14.186489 39.427024 1.272971 
74 20.647252 23.069747 -12.039002 
75 16.980508 41.344401 -13.648377 
76 3.094369 53.511264 -0.929579 
77 4.468481 29.055432 -8.548371 
78 -26.997552 -11.146423 -45.258319 
79 -16.377349 21.354701 5.250521 
80 -17.369268 46.967414 13.265958 
81 -29.839371 41.313122 2.803123 
82 -24.578214 38.813858 0.029701 
83 -29.186212 22.179441 -11.889723 
84 -27.081503 40.500682 -14.833563 
85 -12.778944 52.163154 -0.489475 
86 -14.095112 28.603596 -8.625966 